2.05 23 4.971e-06
2.05 22.9 6.568e-06
2.05 22.8 8.385e-06
2.05 22.7 1.043e-05
2.05 22.6 1.269e-05
2.05 22.5 1.517e-05
2.05 22.4 1.787e-05
2.05 22.3 2.08e-05
2.05 22.2 2.395e-05
2.05 22.1 2.731e-05
2.05 22 3.09e-05
2.05 21.9 4.062e-05
2.05 21.8 5.165e-05
2.05 21.7 6.401e-05
2.05 21.6 7.768e-05
2.05 21.5 9.267e-05
2.05 21.4 0.000109
2.05 21.3 0.0001266
2.05 21.2 0.0001455
2.05 21.1 0.0001657
2.05 21 0.0001872
2.05 20.9 0.0002429
2.05 20.8 0.0003056
2.05 20.7 0.0003755
2.05 20.6 0.0004522
2.05 20.5 0.0005359
2.05 20.4 0.0006263
2.05 20.3 0.0007234
2.05 20.2 0.000827
2.05 20.1 0.0009372
2.05 20 0.001054
2.05 19.9 0.001326
2.05 19.8 0.001626
2.05 19.7 0.001953
2.05 19.6 0.002305
2.05 19.5 0.002682
2.05 19.4 0.00308
2.05 19.3 0.003499
2.05 19.2 0.003938
2.05 19.1 0.004394
2.05 19 0.004865
2.05 18.9 0.005774
2.05 18.8 0.006724
2.05 18.7 0.007707
2.05 18.6 0.008714
2.05 18.5 0.009736
2.05 18.4 0.01077
2.05 18.3 0.0118
2.05 18.2 0.01282
2.05 18.1 0.01384
2.1 23 0.0001173
2.1 22.9 0.0001543
2.1 22.8 0.0001962
2.1 22.7 0.0002432
2.1 22.6 0.0002951
2.1 22.5 0.000352
2.1 22.4 0.0004138
2.1 22.3 0.0004804
2.1 22.2 0.0005519
2.1 22.1 0.0006283
2.1 22 0.0007094
2.1 21.9 0.0009211
2.1 21.8 0.001159
2.1 21.7 0.001423
2.1 21.6 0.001711
2.1 21.5 0.002024
2.1 21.4 0.00236
2.1 21.3 0.002719
2.1 21.2 0.0031
2.1 21.1 0.003502
2.1 21 0.003923
2.1 20.9 0.004927
2.1 20.8 0.006016
2.1 20.7 0.00718
2.1 20.6 0.008407
2.1 20.5 0.009689
2.1 20.4 0.01101
2.1 20.3 0.01238
2.1 20.2 0.01376
2.1 20.1 0.01517
2.1 20 0.01658
2.1 19.9 0.0194
2.1 19.8 0.02222
2.1 19.7 0.02499
2.1 19.6 0.02769
2.1 19.5 0.03029
2.1 19.4 0.0328
2.1 19.3 0.03519
2.1 19.2 0.03747
2.1 19.1 0.03962
2.1 19 0.04166
2.1 18.9 0.04494
2.1 18.8 0.04792
2.1 18.7 0.05061
2.1 18.6 0.05304
2.1 18.5 0.0552
2.1 18.4 0.05714
2.1 18.3 0.05886
2.1 18.2 0.06039
2.1 18.1 0.06175
2.15 23 0.001557
2.15 22.9 0.002035
2.15 22.8 0.002574
2.15 22.7 0.00317
2.15 22.6 0.003823
2.15 22.5 0.004529
2.15 22.4 0.005288
2.15 22.3 0.006096
2.15 22.2 0.006951
2.15 22.1 0.00785
2.15 22 0.008792
2.15 21.9 0.01114
2.15 21.8 0.01368
2.15 21.7 0.01637
2.15 21.6 0.01918
2.15 21.5 0.02208
2.15 21.4 0.02504
2.15 21.3 0.02805
2.15 21.2 0.03108
2.15 21.1 0.03411
2.15 21 0.03713
2.15 20.9 0.04353
2.15 20.8 0.04973
2.15 20.7 0.05566
2.15 20.6 0.06128
2.15 20.5 0.06658
2.15 20.4 0.07156
2.15 20.3 0.07621
2.15 20.2 0.08056
2.15 20.1 0.08461
2.15 20 0.08838
2.15 19.9 0.09495
2.15 19.8 0.1008
2.15 19.7 0.1059
2.15 19.6 0.1105
2.15 19.5 0.1145
2.15 19.4 0.1181
2.15 19.3 0.1213
2.15 19.2 0.1241
2.15 19.1 0.1267
2.15 19 0.129
2.15 18.9 0.1323
2.15 18.8 0.1352
2.15 18.7 0.1376
2.15 18.6 0.1396
2.15 18.5 0.1413
2.15 18.4 0.1427
2.15 18.3 0.1439
2.15 18.2 0.1449
2.15 18.1 0.1458
2.2 23 0.008528
2.2 22.9 0.01104
2.2 22.8 0.01382
2.2 22.7 0.01684
2.2 22.6 0.02007
2.2 22.5 0.02349
2.2 22.4 0.02707
2.2 22.3 0.03079
2.2 22.2 0.03462
2.2 22.1 0.03854
2.2 22 0.04254
2.2 21.9 0.052
2.2 21.8 0.06153
2.2 21.7 0.07096
2.2 21.6 0.08019
2.2 21.5 0.08911
2.2 21.4 0.09767
2.2 21.3 0.1058
2.2 21.2 0.1136
2.2 21.1 0.1209
2.2 21 0.1279
2.2 20.9 0.1414
2.2 20.8 0.1533
2.2 20.7 0.1638
2.2 20.6 0.1731
2.2 20.5 0.1813
2.2 20.4 0.1886
2.2 20.3 0.1951
2.2 20.2 0.2009
2.2 20.1 0.206
2.2 20 0.2107
2.2 19.9 0.2184
2.2 19.8 0.2249
2.2 19.7 0.2304
2.2 19.6 0.235
2.2 19.5 0.2391
2.2 19.4 0.2425
2.2 19.3 0.2455
2.2 19.2 0.248
2.2 19.1 0.2503
2.2 19 0.2522
2.2 18.9 0.255
2.2 18.8 0.2573
2.2 18.7 0.2591
2.2 18.6 0.2606
2.2 18.5 0.2618
2.2 18.4 0.2628
2.2 18.3 0.2636
2.2 18.2 0.2643
2.2 18.1 0.2648
2.25 23 0.0162
2.25 22.9 0.02089
2.25 22.8 0.026
2.25 22.7 0.0315
2.25 22.6 0.03733
2.25 22.5 0.04343
2.25 22.4 0.04974
2.25 22.3 0.05623
2.25 22.2 0.06284
2.25 22.1 0.06952
2.25 22 0.07626
2.25 21.9 0.09184
2.25 21.8 0.1072
2.25 21.7 0.122
2.25 21.6 0.1362
2.25 21.5 0.1497
2.25 21.4 0.1624
2.25 21.3 0.1743
2.25 21.2 0.1855
2.25 21.1 0.1959
2.25 21 0.2057
2.25 20.9 0.2242
2.25 20.8 0.2403
2.25 20.7 0.2543
2.25 20.6 0.2665
2.25 20.5 0.2772
2.25 20.4 0.2865
2.25 20.3 0.2948
2.25 20.2 0.3021
2.25 20.1 0.3087
2.25 20 0.3145
2.25 19.9 0.3239
2.25 19.8 0.3317
2.25 19.7 0.3383
2.25 19.6 0.3439
2.25 19.5 0.3486
2.25 19.4 0.3526
2.25 19.3 0.356
2.25 19.2 0.359
2.25 19.1 0.3615
2.25 19 0.3637
2.25 18.9 0.3667
2.25 18.8 0.3691
2.25 18.7 0.371
2.25 18.6 0.3726
2.25 18.5 0.3738
2.25 18.4 0.3749
2.25 18.3 0.3758
2.25 18.2 0.3765
2.25 18.1 0.3771
2.3 23 0.02756
2.3 22.9 0.03533
2.3 22.8 0.04376
2.3 22.7 0.05273
2.3 22.6 0.06214
2.3 22.5 0.07188
2.3 22.4 0.08186
2.3 22.3 0.092
2.3 22.2 0.1022
2.3 22.1 0.1125
2.3 22 0.1226
2.3 21.9 0.1457
2.3 21.8 0.1679
2.3 21.7 0.189
2.3 21.6 0.2089
2.3 21.5 0.2274
2.3 21.4 0.2446
2.3 21.3 0.2606
2.3 21.2 0.2754
2.3 21.1 0.2891
2.3 21 0.3017
2.3 20.9 0.3254
2.3 20.8 0.3458
2.3 20.7 0.3633
2.3 20.6 0.3784
2.3 20.5 0.3915
2.3 20.4 0.403
2.3 20.3 0.4131
2.3 20.2 0.422
2.3 20.1 0.4298
2.3 20 0.4368
2.3 19.9 0.4479
2.3 19.8 0.4571
2.3 19.7 0.4648
2.3 19.6 0.4712
2.3 19.5 0.4766
2.3 19.4 0.4812
2.3 19.3 0.4851
2.3 19.2 0.4884
2.3 19.1 0.4913
2.3 19 0.4937
2.3 18.9 0.4969
2.3 18.8 0.4994
2.3 18.7 0.5015
2.3 18.6 0.5032
2.3 18.5 0.5045
2.3 18.4 0.5057
2.3 18.3 0.5066
2.3 18.2 0.5074
2.3 18.1 0.5081
2.35 23 0.03951
2.35 22.9 0.05045
2.35 22.8 0.06223
2.35 22.7 0.07468
2.35 22.6 0.08764
2.35 22.5 0.101
2.35 22.4 0.1145
2.35 22.3 0.1282
2.35 22.2 0.1418
2.35 22.1 0.1554
2.35 22 0.1689
2.35 21.9 0.1989
2.35 21.8 0.2274
2.35 21.7 0.2541
2.35 21.6 0.279
2.35 21.5 0.302
2.35 21.4 0.3233
2.35 21.3 0.3429
2.35 21.2 0.361
2.35 21.1 0.3777
2.35 21 0.393
2.35 20.9 0.4213
2.35 20.8 0.4455
2.35 20.7 0.4662
2.35 20.6 0.4841
2.35 20.5 0.4996
2.35 20.4 0.5131
2.35 20.3 0.5249
2.35 20.2 0.5353
2.35 20.1 0.5445
2.35 20 0.5526
2.35 19.9 0.5654
2.35 19.8 0.5759
2.35 19.7 0.5846
2.35 19.6 0.5919
2.35 19.5 0.598
2.35 19.4 0.6031
2.35 19.3 0.6075
2.35 19.2 0.6111
2.35 19.1 0.6143
2.35 19 0.617
2.35 18.9 0.6204
2.35 18.8 0.6231
2.35 18.7 0.6253
2.35 18.6 0.6271
2.35 18.5 0.6286
2.35 18.4 0.6298
2.35 18.3 0.6309
2.35 18.2 0.6318
2.35 18.1 0.6325
2.4 23 0.05247
2.4 22.9 0.06679
2.4 22.8 0.08208
2.4 22.7 0.09815
2.4 22.6 0.1148
2.4 22.5 0.1317
2.4 22.4 0.1489
2.4 22.3 0.1661
2.4 22.2 0.1832
2.4 22.1 0.2001
2.4 22 0.2168
2.4 21.9 0.2535
2.4 21.8 0.2881
2.4 21.7 0.3203
2.4 21.6 0.3501
2.4 21.5 0.3776
2.4 21.4 0.4029
2.4 21.3 0.4261
2.4 21.2 0.4474
2.4 21.1 0.467
2.4 21 0.485
2.4 20.9 0.518
2.4 20.8 0.546
2.4 20.7 0.5701
2.4 20.6 0.5908
2.4 20.5 0.6087
2.4 20.4 0.6244
2.4 20.3 0.638
2.4 20.2 0.65
2.4 20.1 0.6606
2.4 20 0.67
2.4 19.9 0.6845
2.4 19.8 0.6964
2.4 19.7 0.7063
2.4 19.6 0.7145
2.4 19.5 0.7213
2.4 19.4 0.7271
2.4 19.3 0.7319
2.4 19.2 0.736
2.4 19.1 0.7395
2.4 19 0.7426
2.4 18.9 0.7462
2.4 18.8 0.7492
2.4 18.7 0.7516
2.4 18.6 0.7535
2.4 18.5 0.7552
2.4 18.4 0.7566
2.4 18.3 0.7577
2.4 18.2 0.7587
2.4 18.1 0.7596
2.45 23 0.073
2.45 22.9 0.09246
2.45 22.8 0.1131
2.45 22.7 0.1346
2.45 22.6 0.1566
2.45 22.5 0.1789
2.45 22.4 0.2013
2.45 22.3 0.2235
2.45 22.2 0.2454
2.45 22.1 0.2669
2.45 22 0.2878
2.45 21.9 0.3335
2.45 21.8 0.3758
2.45 21.7 0.4146
2.45 21.6 0.4502
2.45 21.5 0.4825
2.45 21.4 0.5119
2.45 21.3 0.5386
2.45 21.2 0.5629
2.45 21.1 0.585
2.45 21 0.6052
2.45 20.9 0.6412
2.45 20.8 0.6714
2.45 20.7 0.6967
2.45 20.6 0.718
2.45 20.5 0.7361
2.45 20.4 0.7516
2.45 20.3 0.7649
2.45 20.2 0.7763
2.45 20.1 0.7862
2.45 20 0.7947
2.45 19.9 0.8071
2.45 19.8 0.8169
2.45 19.7 0.8249
2.45 19.6 0.8313
2.45 19.5 0.8366
2.45 19.4 0.841
2.45 19.3 0.8447
2.45 19.2 0.8478
2.45 19.1 0.8505
2.45 19 0.8527
2.45 18.9 0.8552
2.45 18.8 0.8573
2.45 18.7 0.8591
2.45 18.6 0.8605
2.45 18.5 0.8618
2.45 18.4 0.8629
2.45 18.3 0.8638
2.45 18.2 0.8646
2.45 18.1 0.8653
2.5 23 0.09303
2.5 22.9 0.1175
2.5 22.8 0.1433
2.5 22.7 0.1699
2.5 22.6 0.197
2.5 22.5 0.2243
2.5 22.4 0.2515
2.5 22.3 0.2783
2.5 22.2 0.3046
2.5 22.1 0.3302
2.5 22 0.3551
2.5 21.9 0.4085
2.5 21.8 0.4575
2.5 21.7 0.5019
2.5 21.6 0.542
2.5 21.5 0.5781
2.5 21.4 0.6105
2.5 21.3 0.6396
2.5 21.2 0.6657
2.5 21.1 0.6893
2.5 21 0.7105
2.5 20.9 0.7475
2.5 20.8 0.7778
2.5 20.7 0.8026
2.5 20.6 0.8232
2.5 20.5 0.8404
2.5 20.4 0.8548
2.5 20.3 0.8669
2.5 20.2 0.8772
2.5 20.1 0.8861
2.5 20 0.8937
2.5 19.9 0.9042
2.5 19.8 0.9126
2.5 19.7 0.9194
2.5 19.6 0.9249
2.5 19.5 0.9294
2.5 19.4 0.9333
2.5 19.3 0.9365
2.5 19.2 0.9392
2.5 19.1 0.9415
2.5 19 0.9435
2.5 18.9 0.9457
2.5 18.8 0.9475
2.5 18.7 0.9491
2.5 18.6 0.9504
2.5 18.5 0.9516
2.5 18.4 0.9526
2.5 18.3 0.9534
2.5 18.2 0.9542
2.5 18.1 0.9549
2.55 23 0.1113
2.55 22.9 0.1403
2.55 22.8 0.1707
2.55 22.7 0.202
2.55 22.6 0.2337
2.55 22.5 0.2655
2.55 22.4 0.2971
2.55 22.3 0.328
2.55 22.2 0.3583
2.55 22.1 0.3877
2.55 22 0.416
2.55 21.9 0.4766
2.55 21.8 0.5314
2.55 21.7 0.5807
2.55 21.6 0.6246
2.55 21.5 0.6638
2.55 21.4 0.6987
2.55 21.3 0.7297
2.55 21.2 0.7574
2.55 21.1 0.782
2.55 21 0.804
2.55 20.9 0.8418
2.55 20.8 0.8723
2.55 20.7 0.897
2.55 20.6 0.9173
2.55 20.5 0.9342
2.55 20.4 0.9482
2.55 20.3 0.96
2.55 20.2 0.97
2.55 20.1 0.9786
2.55 20 0.9859
2.55 19.9 0.996
2.55 19.8 1.004
2.55 19.7 1.011
2.55 19.6 1.016
2.55 19.5 1.02
2.55 19.4 1.024
2.55 19.3 1.027
2.55 19.2 1.03
2.55 19.1 1.032
2.55 19 1.034
2.55 18.9 1.037
2.55 18.8 1.038
2.55 18.7 1.04
2.55 18.6 1.041
2.55 18.5 1.042
2.55 18.4 1.044
2.55 18.3 1.044
2.55 18.2 1.045
2.55 18.1 1.046
2.6 23 0.1221
2.6 22.9 0.1538
2.6 22.8 0.187
2.6 22.7 0.2211
2.6 22.6 0.2556
2.6 22.5 0.2901
2.6 22.4 0.3242
2.6 22.3 0.3576
2.6 22.2 0.3901
2.6 22.1 0.4216
2.6 22 0.4518
2.6 21.9 0.5158
2.6 21.8 0.5732
2.6 21.7 0.6242
2.6 21.6 0.6693
2.6 21.5 0.709
2.6 21.4 0.7439
2.6 21.3 0.7747
2.6 21.2 0.8019
2.6 21.1 0.8258
2.6 21 0.8471
2.6 20.9 0.883
2.6 20.8 0.9115
2.6 20.7 0.9345
2.6 20.6 0.9532
2.6 20.5 0.9685
2.6 20.4 0.9812
2.6 20.3 0.9919
2.6 20.2 1.001
2.6 20.1 1.009
2.6 20 1.015
2.6 19.9 1.024
2.6 19.8 1.031
2.6 19.7 1.037
2.6 19.6 1.041
2.6 19.5 1.045
2.6 19.4 1.049
2.6 19.3 1.051
2.6 19.2 1.054
2.6 19.1 1.056
2.6 19 1.058
2.6 18.9 1.059
2.6 18.8 1.061
2.6 18.7 1.062
2.6 18.6 1.064
2.6 18.5 1.065
2.6 18.4 1.065
2.6 18.3 1.066
2.6 18.2 1.067
2.6 18.1 1.068
2.65 23 0.1419
2.65 22.9 0.1779
2.65 22.8 0.2152
2.65 22.7 0.2533
2.65 22.6 0.2915
2.65 22.5 0.3292
2.65 22.4 0.3662
2.65 22.3 0.4021
2.65 22.2 0.4367
2.65 22.1 0.4698
2.65 22 0.5015
2.65 21.9 0.5674
2.65 21.8 0.6256
2.65 21.7 0.6763
2.65 21.6 0.7206
2.65 21.5 0.759
2.65 21.4 0.7925
2.65 21.3 0.8216
2.65 21.2 0.847
2.65 21.1 0.8693
2.65 21 0.8888
2.65 20.9 0.9213
2.65 20.8 0.9469
2.65 20.7 0.9673
2.65 20.6 0.9837
2.65 20.5 0.9972
2.65 20.4 1.008
2.65 20.3 1.018
2.65 20.2 1.025
2.65 20.1 1.032
2.65 20 1.038
2.65 19.9 1.045
2.65 19.8 1.051
2.65 19.7 1.056
2.65 19.6 1.06
2.65 19.5 1.063
2.65 19.4 1.066
2.65 19.3 1.068
2.65 19.2 1.07
2.65 19.1 1.072
2.65 19 1.074
2.65 18.9 1.075
2.65 18.8 1.076
2.65 18.7 1.078
2.65 18.6 1.079
2.65 18.5 1.079
2.65 18.4 1.08
2.65 18.3 1.081
2.65 18.2 1.082
2.65 18.1 1.082
2.7 23 0.1596
2.7 22.9 0.1993
2.7 22.8 0.2402
2.7 22.7 0.2816
2.7 22.6 0.3227
2.7 22.5 0.363
2.7 22.4 0.4022
2.7 22.3 0.44
2.7 22.2 0.4761
2.7 22.1 0.5104
2.7 22 0.543
2.7 21.9 0.61
2.7 21.8 0.6682
2.7 21.7 0.7184
2.7 21.6 0.7616
2.7 21.5 0.7987
2.7 21.4 0.8307
2.7 21.3 0.8583
2.7 21.2 0.8823
2.7 21.1 0.9031
2.7 21 0.9212
2.7 20.9 0.9511
2.7 20.8 0.9744
2.7 20.7 0.9929
2.7 20.6 1.008
2.7 20.5 1.02
2.7 20.4 1.03
2.7 20.3 1.038
2.7 20.2 1.045
2.7 20.1 1.051
2.7 20 1.056
2.7 19.9 1.062
2.7 19.8 1.068
2.7 19.7 1.072
2.7 19.6 1.075
2.7 19.5 1.078
2.7 19.4 1.081
2.7 19.3 1.083
2.7 19.2 1.085
2.7 19.1 1.086
2.7 19 1.087
2.7 18.9 1.089
2.7 18.8 1.09
2.7 18.7 1.091
2.7 18.6 1.092
2.7 18.5 1.092
2.7 18.4 1.093
2.7 18.3 1.094
2.7 18.2 1.094
2.7 18.1 1.095
2.75 23 0.1725
2.75 22.9 0.2148
2.75 22.8 0.2581
2.75 22.7 0.3014
2.75 22.6 0.3443
2.75 22.5 0.386
2.75 22.4 0.4262
2.75 22.3 0.4647
2.75 22.2 0.5013
2.75 22.1 0.5358
2.75 22 0.5684
2.75 21.9 0.6347
2.75 21.8 0.6915
2.75 21.7 0.7399
2.75 21.6 0.7812
2.75 21.5 0.8163
2.75 21.4 0.8463
2.75 21.3 0.8721
2.75 21.2 0.8942
2.75 21.1 0.9134
2.75 21 0.9301
2.75 20.9 0.9572
2.75 20.8 0.9783
2.75 20.7 0.9949
2.75 20.6 1.008
2.75 20.5 1.019
2.75 20.4 1.028
2.75 20.3 1.035
2.75 20.2 1.041
2.75 20.1 1.046
2.75 20 1.051
2.75 19.9 1.057
2.75 19.8 1.061
2.75 19.7 1.065
2.75 19.6 1.068
2.75 19.5 1.071
2.75 19.4 1.073
2.75 19.3 1.075
2.75 19.2 1.076
2.75 19.1 1.078
2.75 19 1.079
2.75 18.9 1.08
2.75 18.8 1.081
2.75 18.7 1.082
2.75 18.6 1.082
2.75 18.5 1.083
2.75 18.4 1.084
2.75 18.3 1.084
2.75 18.2 1.085
2.75 18.1 1.085
2.8 23 0.1818
2.8 22.9 0.2258
2.8 22.8 0.2706
2.8 22.7 0.3153
2.8 22.6 0.3592
2.8 22.5 0.4018
2.8 22.4 0.4426
2.8 22.3 0.4814
2.8 22.2 0.5181
2.8 22.1 0.5526
2.8 22 0.5849
2.8 21.9 0.6503
2.8 21.8 0.7058
2.8 21.7 0.7527
2.8 21.6 0.7923
2.8 21.5 0.8258
2.8 21.4 0.8543
2.8 21.3 0.8786
2.8 21.2 0.8995
2.8 21.1 0.9174
2.8 21 0.9329
2.8 20.9 0.9581
2.8 20.8 0.9776
2.8 20.7 0.9929
2.8 20.6 1.005
2.8 20.5 1.015
2.8 20.4 1.023
2.8 20.3 1.03
2.8 20.2 1.035
2.8 20.1 1.04
2.8 20 1.044
2.8 19.9 1.049
2.8 19.8 1.053
2.8 19.7 1.057
2.8 19.6 1.06
2.8 19.5 1.062
2.8 19.4 1.064
2.8 19.3 1.066
2.8 19.2 1.067
2.8 19.1 1.068
2.8 19 1.069
2.8 18.9 1.07
2.8 18.8 1.071
2.8 18.7 1.072
2.8 18.6 1.073
2.8 18.5 1.073
2.8 18.4 1.074
2.8 18.3 1.074
2.8 18.2 1.075
2.8 18.1 1.075
2.85 23 0.1974
2.85 22.9 0.244
2.85 22.8 0.291
2.85 22.7 0.3374
2.85 22.6 0.3825
2.85 22.5 0.4258
2.85 22.4 0.467
2.85 22.3 0.5059
2.85 22.2 0.5423
2.85 22.1 0.5763
2.85 22 0.6079
2.85 21.9 0.6712
2.85 21.8 0.7242
2.85 21.7 0.7686
2.85 21.6 0.8057
2.85 21.5 0.8369
2.85 21.4 0.8632
2.85 21.3 0.8855
2.85 21.2 0.9046
2.85 21.1 0.9209
2.85 21 0.935
2.85 20.9 0.9578
2.85 20.8 0.9752
2.85 20.7 0.9889
2.85 20.6 0.9998
2.85 20.5 1.009
2.85 20.4 1.016
2.85 20.3 1.022
2.85 20.2 1.027
2.85 20.1 1.031
2.85 20 1.034
2.85 19.9 1.039
2.85 19.8 1.043
2.85 19.7 1.046
2.85 19.6 1.048
2.85 19.5 1.05
2.85 19.4 1.052
2.85 19.3 1.053
2.85 19.2 1.055
2.85 19.1 1.056
2.85 19 1.057
2.85 18.9 1.058
2.85 18.8 1.058
2.85 18.7 1.059
2.85 18.6 1.06
2.85 18.5 1.06
2.85 18.4 1.061
2.85 18.3 1.061
2.85 18.2 1.061
2.85 18.1 1.062
2.9 23 0.2112
2.9 22.9 0.2596
2.9 22.8 0.308
2.9 22.7 0.3554
2.9 22.6 0.401
2.9 22.5 0.4444
2.9 22.4 0.4854
2.9 22.3 0.5236
2.9 22.2 0.5593
2.9 22.1 0.5923
2.9 22 0.6228
2.9 21.9 0.6832
2.9 21.8 0.7333
2.9 21.7 0.7747
2.9 21.6 0.8091
2.9 21.5 0.8378
2.9 21.4 0.8619
2.9 21.3 0.8823
2.9 21.2 0.8995
2.9 21.1 0.9143
2.9 21 0.927
2.9 20.9 0.9474
2.9 20.8 0.963
2.9 20.7 0.9752
2.9 20.6 0.9848
2.9 20.5 0.9926
2.9 20.4 0.999
2.9 20.3 1.004
2.9 20.2 1.009
2.9 20.1 1.012
2.9 20 1.015
2.9 19.9 1.02
2.9 19.8 1.023
2.9 19.7 1.025
2.9 19.6 1.028
2.9 19.5 1.029
2.9 19.4 1.031
2.9 19.3 1.032
2.9 19.2 1.033
2.9 19.1 1.034
2.9 19 1.035
2.9 18.9 1.036
2.9 18.8 1.037
2.9 18.7 1.037
2.9 18.6 1.038
2.9 18.5 1.038
2.9 18.4 1.039
2.9 18.3 1.039
2.9 18.2 1.039
2.9 18.1 1.04
2.95 23 0.2245
2.95 22.9 0.2746
2.95 22.8 0.3242
2.95 22.7 0.3723
2.95 22.6 0.4181
2.95 22.5 0.4614
2.95 22.4 0.5019
2.95 22.3 0.5394
2.95 22.2 0.5741
2.95 22.1 0.6061
2.95 22 0.6354
2.95 21.9 0.6929
2.95 21.8 0.7401
2.95 21.7 0.7788
2.95 21.6 0.8107
2.95 21.5 0.8372
2.95 21.4 0.8593
2.95 21.3 0.8778
2.95 21.2 0.8935
2.95 21.1 0.9069
2.95 21 0.9184
2.95 20.9 0.9367
2.95 20.8 0.9507
2.95 20.7 0.9616
2.95 20.6 0.9702
2.95 20.5 0.9772
2.95 20.4 0.9829
2.95 20.3 0.9875
2.95 20.2 0.9914
2.95 20.1 0.9947
2.95 20 0.9975
2.95 19.9 1.001
2.95 19.8 1.004
2.95 19.7 1.006
2.95 19.6 1.008
2.95 19.5 1.01
2.95 19.4 1.011
2.95 19.3 1.012
2.95 19.2 1.013
2.95 19.1 1.014
2.95 19 1.015
2.95 18.9 1.016
2.95 18.8 1.016
2.95 18.7 1.017
2.95 18.6 1.017
2.95 18.5 1.018
2.95 18.4 1.018
2.95 18.3 1.018
2.95 18.2 1.019
2.95 18.1 1.019
3 23 0.2356
3 22.9 0.2869
3 22.8 0.3371
3 22.7 0.3853
3 22.6 0.4309
3 22.5 0.4736
3 22.4 0.5131
3 22.3 0.5496
3 22.2 0.5831
3 22.1 0.6137
3 22 0.6417
3 21.9 0.6961
3 21.8 0.7402
3 21.7 0.7762
3 21.6 0.8056
3 21.5 0.8299
3 21.4 0.8501
3 21.3 0.867
3 21.2 0.8812
3 21.1 0.8933
3 21 0.9037
3 20.9 0.9202
3 20.8 0.9327
3 20.7 0.9424
3 20.6 0.9502
3 20.5 0.9564
3 20.4 0.9614
3 20.3 0.9656
3 20.2 0.969
3 20.1 0.972
3 20 0.9745
3 19.9 0.9776
3 19.8 0.9801
3 19.7 0.9822
3 19.6 0.9839
3 19.5 0.9853
3 19.4 0.9865
3 19.3 0.9875
3 19.2 0.9884
3 19.1 0.9892
3 19 0.9898
3 18.9 0.9904
3 18.8 0.9909
3 18.7 0.9914
3 18.6 0.9918
3 18.5 0.9922
3 18.4 0.9925
3 18.3 0.9928
3 18.2 0.9931
3 18.1 0.9933
3.05 23 0.2489
3.05 22.9 0.3013
3.05 22.8 0.352
3.05 22.7 0.4001
3.05 22.6 0.4452
3.05 22.5 0.487
3.05 22.4 0.5254
3.05 22.3 0.5605
3.05 22.2 0.5924
3.05 22.1 0.6215
3.05 22 0.6478
3.05 21.9 0.6987
3.05 21.8 0.7395
3.05 21.7 0.7724
3.05 21.6 0.7992
3.05 21.5 0.8212
3.05 21.4 0.8393
3.05 21.3 0.8545
3.05 21.2 0.8672
3.05 21.1 0.878
3.05 21 0.8872
3.05 20.9 0.9018
3.05 20.8 0.9128
3.05 20.7 0.9214
3.05 20.6 0.9282
3.05 20.5 0.9337
3.05 20.4 0.9381
3.05 20.3 0.9417
3.05 20.2 0.9448
3.05 20.1 0.9474
3.05 20 0.9495
3.05 19.9 0.9523
3.05 19.8 0.9545
3.05 19.7 0.9563
3.05 19.6 0.9578
3.05 19.5 0.959
3.05 19.4 0.96
3.05 19.3 0.9609
3.05 19.2 0.9617
3.05 19.1 0.9623
3.05 19 0.9629
3.05 18.9 0.9634
3.05 18.8 0.9639
3.05 18.7 0.9643
3.05 18.6 0.9647
3.05 18.5 0.965
3.05 18.4 0.9653
3.05 18.3 0.9655
3.05 18.2 0.9657
3.05 18.1 0.966
3.1 23 0.2616
3.1 22.9 0.3148
3.1 22.8 0.3656
3.1 22.7 0.4134
3.1 22.6 0.4576
3.1 22.5 0.4983
3.1 22.4 0.5353
3.1 22.3 0.5688
3.1 22.2 0.5992
3.1 22.1 0.6266
3.1 22 0.6513
3.1 21.9 0.6985
3.1 21.8 0.7361
3.1 21.7 0.7662
3.1 21.6 0.7905
3.1 21.5 0.8104
3.1 21.4 0.8267
3.1 21.3 0.8403
3.1 21.2 0.8517
3.1 21.1 0.8613
3.1 21 0.8695
3.1 20.9 0.8824
3.1 20.8 0.8921
3.1 20.7 0.8997
3.1 20.6 0.9057
3.1 20.5 0.9105
3.1 20.4 0.9144
3.1 20.3 0.9176
3.1 20.2 0.9203
3.1 20.1 0.9225
3.1 20 0.9244
3.1 19.9 0.9268
3.1 19.8 0.9288
3.1 19.7 0.9303
3.1 19.6 0.9316
3.1 19.5 0.9327
3.1 19.4 0.9336
3.1 19.3 0.9344
3.1 19.2 0.9351
3.1 19.1 0.9357
3.1 19 0.9362
3.1 18.9 0.9366
3.1 18.8 0.937
3.1 18.7 0.9374
3.1 18.6 0.9377
3.1 18.5 0.938
3.1 18.4 0.9382
3.1 18.3 0.9384
3.1 18.2 0.9386
3.1 18.1 0.9388
3.15 23 0.272
3.15 22.9 0.3252
3.15 22.8 0.3756
3.15 22.7 0.4225
3.15 22.6 0.4654
3.15 22.5 0.5045
3.15 22.4 0.5398
3.15 22.3 0.5716
3.15 22.2 0.6002
3.15 22.1 0.6258
3.15 22 0.6487
3.15 21.9 0.6923
3.15 21.8 0.7266
3.15 21.7 0.7539
3.15 21.6 0.7759
3.15 21.5 0.7937
3.15 21.4 0.8083
3.15 21.3 0.8204
3.15 21.2 0.8305
3.15 21.1 0.8391
3.15 21 0.8463
3.15 20.9 0.8577
3.15 20.8 0.8663
3.15 20.7 0.873
3.15 20.6 0.8783
3.15 20.5 0.8825
3.15 20.4 0.8859
3.15 20.3 0.8887
3.15 20.2 0.8911
3.15 20.1 0.893
3.15 20 0.8947
3.15 19.9 0.8968
3.15 19.8 0.8985
3.15 19.7 0.8999
3.15 19.6 0.901
3.15 19.5 0.9019
3.15 19.4 0.9027
3.15 19.3 0.9034
3.15 19.2 0.904
3.15 19.1 0.9045
3.15 19 0.905
3.15 18.9 0.9054
3.15 18.8 0.9057
3.15 18.7 0.906
3.15 18.6 0.9063
3.15 18.5 0.9065
3.15 18.4 0.9067
3.15 18.3 0.9069
3.15 18.2 0.9071
3.15 18.1 0.9073
3.2 23 0.2819
3.2 22.9 0.3349
3.2 22.8 0.3846
3.2 22.7 0.4303
3.2 22.6 0.4718
3.2 22.5 0.5092
3.2 22.4 0.5428
3.2 22.3 0.5727
3.2 22.2 0.5995
3.2 22.1 0.6233
3.2 22 0.6446
3.2 21.9 0.6846
3.2 21.8 0.7159
3.2 21.7 0.7407
3.2 21.6 0.7604
3.2 21.5 0.7764
3.2 21.4 0.7895
3.2 21.3 0.8003
3.2 21.2 0.8093
3.2 21.1 0.8169
3.2 21 0.8233
3.2 20.9 0.8334
3.2 20.8 0.841
3.2 20.7 0.8469
3.2 20.6 0.8515
3.2 20.5 0.8552
3.2 20.4 0.8582
3.2 20.3 0.8607
3.2 20.2 0.8627
3.2 20.1 0.8645
3.2 20 0.866
3.2 19.9 0.8678
3.2 19.8 0.8692
3.2 19.7 0.8704
3.2 19.6 0.8714
3.2 19.5 0.8723
3.2 19.4 0.873
3.2 19.3 0.8736
3.2 19.2 0.8741
3.2 19.1 0.8745
3.2 19 0.8749
3.2 18.9 0.8753
3.2 18.8 0.8756
3.2 18.7 0.8758
3.2 18.6 0.8761
3.2 18.5 0.8763
3.2 18.4 0.8765
3.2 18.3 0.8767
3.2 18.2 0.8768
3.2 18.1 0.877
3.25 23 0.3103
3.25 22.9 0.3638
3.25 22.8 0.4127
3.25 22.7 0.4567
3.25 22.6 0.4959
3.25 22.5 0.5306
3.25 22.4 0.5613
3.25 22.3 0.5883
3.25 22.2 0.6121
3.25 22.1 0.6331
3.25 22 0.6516
3.25 21.9 0.6858
3.25 21.8 0.7122
3.25 21.7 0.7328
3.25 21.6 0.7492
3.25 21.5 0.7624
3.25 21.4 0.7731
3.25 21.3 0.7819
3.25 21.2 0.7892
3.25 21.1 0.7954
3.25 21 0.8006
3.25 20.9 0.8086
3.25 20.8 0.8146
3.25 20.7 0.8193
3.25 20.6 0.823
3.25 20.5 0.826
3.25 20.4 0.8284
3.25 20.3 0.8304
3.25 20.2 0.832
3.25 20.1 0.8334
3.25 20 0.8346
3.25 19.9 0.8361
3.25 19.8 0.8372
3.25 19.7 0.8382
3.25 19.6 0.839
3.25 19.5 0.8397
3.25 19.4 0.8402
3.25 19.3 0.8407
3.25 19.2 0.8411
3.25 19.1 0.8415
3.25 19 0.8418
3.25 18.9 0.8421
3.25 18.8 0.8423
3.25 18.7 0.8425
3.25 18.6 0.8427
3.25 18.5 0.8429
3.25 18.4 0.8431
3.25 18.3 0.8432
3.25 18.2 0.8433
3.25 18.1 0.8435
3.3 23 0.3367
3.3 22.9 0.3897
3.3 22.8 0.4369
3.3 22.7 0.4786
3.3 22.6 0.5151
3.3 22.5 0.5469
3.3 22.4 0.5746
3.3 22.3 0.5986
3.3 22.2 0.6196
3.3 22.1 0.638
3.3 22 0.654
3.3 21.9 0.6832
3.3 21.8 0.7054
3.3 21.7 0.7227
3.3 21.6 0.7362
3.3 21.5 0.7471
3.3 21.4 0.7559
3.3 21.3 0.7632
3.3 21.2 0.7692
3.3 21.1 0.7742
3.3 21 0.7784
3.3 20.9 0.7849
3.3 20.8 0.7897
3.3 20.7 0.7935
3.3 20.6 0.7965
3.3 20.5 0.7989
3.3 20.4 0.8009
3.3 20.3 0.8025
3.3 20.2 0.8038
3.3 20.1 0.805
3.3 20 0.8059
3.3 19.9 0.8071
3.3 19.8 0.808
3.3 19.7 0.8088
3.3 19.6 0.8094
3.3 19.5 0.81
3.3 19.4 0.8104
3.3 19.3 0.8108
3.3 19.2 0.8112
3.3 19.1 0.8115
3.3 19 0.8117
3.3 18.9 0.812
3.3 18.8 0.8122
3.3 18.7 0.8123
3.3 18.6 0.8125
3.3 18.5 0.8126
3.3 18.4 0.8128
3.3 18.3 0.8129
3.3 18.2 0.813
3.3 18.1 0.8131
3.35 23 0.3593
3.35 22.9 0.4106
3.35 22.8 0.4554
3.35 22.7 0.4942
3.35 22.6 0.5275
3.35 22.5 0.5562
3.35 22.4 0.5808
3.35 22.3 0.602
3.35 22.2 0.6203
3.35 22.1 0.6362
3.35 22 0.65
3.35 21.9 0.6746
3.35 21.8 0.6932
3.35 21.7 0.7076
3.35 21.6 0.7188
3.35 21.5 0.7278
3.35 21.4 0.7351
3.35 21.3 0.741
3.35 21.2 0.7459
3.35 21.1 0.75
3.35 21 0.7535
3.35 20.9 0.7587
3.35 20.8 0.7626
3.35 20.7 0.7657
3.35 20.6 0.7681
3.35 20.5 0.77
3.35 20.4 0.7716
3.35 20.3 0.7729
3.35 20.2 0.774
3.35 20.1 0.775
3.35 20 0.7758
3.35 19.9 0.7767
3.35 19.8 0.7774
3.35 19.7 0.778
3.35 19.6 0.7786
3.35 19.5 0.779
3.35 19.4 0.7794
3.35 19.3 0.7797
3.35 19.2 0.78
3.35 19.1 0.7803
3.35 19 0.7805
3.35 18.9 0.7807
3.35 18.8 0.7808
3.35 18.7 0.781
3.35 18.6 0.7811
3.35 18.5 0.7812
3.35 18.4 0.7813
3.35 18.3 0.7814
3.35 18.2 0.7815
3.35 18.1 0.7816
3.4 23 0.3777
3.4 22.9 0.4265
3.4 22.8 0.4683
3.4 22.7 0.5038
3.4 22.6 0.5339
3.4 22.5 0.5594
3.4 22.4 0.581
3.4 22.3 0.5995
3.4 22.2 0.6153
3.4 22.1 0.6289
3.4 22 0.6407
3.4 21.9 0.6615
3.4 21.8 0.677
3.4 21.7 0.689
3.4 21.6 0.6983
3.4 21.5 0.7057
3.4 21.4 0.7117
3.4 21.3 0.7166
3.4 21.2 0.7206
3.4 21.1 0.724
3.4 21 0.7268
3.4 20.9 0.731
3.4 20.8 0.7342
3.4 20.7 0.7367
3.4 20.6 0.7387
3.4 20.5 0.7403
3.4 20.4 0.7416
3.4 20.3 0.7426
3.4 20.2 0.7435
3.4 20.1 0.7443
3.4 20 0.745
3.4 19.9 0.7457
3.4 19.8 0.7463
3.4 19.7 0.7468
3.4 19.6 0.7472
3.4 19.5 0.7476
3.4 19.4 0.7479
3.4 19.3 0.7482
3.4 19.2 0.7484
3.4 19.1 0.7486
3.4 19 0.7488
3.4 18.9 0.7489
3.4 18.8 0.7491
3.4 18.7 0.7492
3.4 18.6 0.7493
3.4 18.5 0.7494
3.4 18.4 0.7495
3.4 18.3 0.7496
3.4 18.2 0.7496
3.4 18.1 0.7497
3.45 23 0.3926
3.45 22.9 0.4386
3.45 22.8 0.4772
3.45 22.7 0.5094
3.45 22.6 0.5364
3.45 22.5 0.559
3.45 22.4 0.5781
3.45 22.3 0.5942
3.45 22.2 0.6079
3.45 22.1 0.6196
3.45 22 0.6297
3.45 21.9 0.6472
3.45 21.8 0.6603
3.45 21.7 0.6703
3.45 21.6 0.6781
3.45 21.5 0.6843
3.45 21.4 0.6892
3.45 21.3 0.6933
3.45 21.2 0.6966
3.45 21.1 0.6994
3.45 21 0.7018
3.45 20.9 0.7052
3.45 20.8 0.7079
3.45 20.7 0.7099
3.45 20.6 0.7115
3.45 20.5 0.7129
3.45 20.4 0.7139
3.45 20.3 0.7148
3.45 20.2 0.7156
3.45 20.1 0.7162
3.45 20 0.7168
3.45 19.9 0.7174
3.45 19.8 0.7179
3.45 19.7 0.7183
3.45 19.6 0.7186
3.45 19.5 0.7189
3.45 19.4 0.7192
3.45 19.3 0.7194
3.45 19.2 0.7196
3.45 19.1 0.7198
3.45 19 0.7199
3.45 18.9 0.7201
3.45 18.8 0.7202
3.45 18.7 0.7203
3.45 18.6 0.7204
3.45 18.5 0.7204
3.45 18.4 0.7205
3.45 18.3 0.7206
3.45 18.2 0.7206
3.45 18.1 0.7207
3.5 23 0.4011
3.5 22.9 0.4437
3.5 22.8 0.4789
3.5 22.7 0.5079
3.5 22.6 0.5318
3.5 22.5 0.5517
3.5 22.4 0.5683
3.5 22.3 0.5822
3.5 22.2 0.594
3.5 22.1 0.604
3.5 22 0.6126
3.5 21.9 0.6274
3.5 21.8 0.6384
3.5 21.7 0.6468
3.5 21.6 0.6533
3.5 21.5 0.6585
3.5 21.4 0.6626
3.5 21.3 0.666
3.5 21.2 0.6688
3.5 21.1 0.6711
3.5 21 0.6731
3.5 20.9 0.6759
3.5 20.8 0.6781
3.5 20.7 0.6797
3.5 20.6 0.6811
3.5 20.5 0.6822
3.5 20.4 0.6831
3.5 20.3 0.6838
3.5 20.2 0.6845
3.5 20.1 0.685
3.5 20 0.6854
3.5 19.9 0.6859
3.5 19.8 0.6863
3.5 19.7 0.6867
3.5 19.6 0.687
3.5 19.5 0.6872
3.5 19.4 0.6875
3.5 19.3 0.6876
3.5 19.2 0.6878
3.5 19.1 0.688
3.5 19 0.6881
3.5 18.9 0.6882
3.5 18.8 0.6883
3.5 18.7 0.6884
3.5 18.6 0.6884
3.5 18.5 0.6885
3.5 18.4 0.6886
3.5 18.3 0.6886
3.5 18.2 0.6887
3.5 18.1 0.6887
3.55 23 0.4077
3.55 22.9 0.447
3.55 22.8 0.479
3.55 22.7 0.505
3.55 22.6 0.5263
3.55 22.5 0.5438
3.55 22.4 0.5583
3.55 22.3 0.5704
3.55 22.2 0.5806
3.55 22.1 0.5893
3.55 22 0.5966
3.55 21.9 0.6092
3.55 21.8 0.6186
3.55 21.7 0.6256
3.55 21.6 0.6311
3.55 21.5 0.6355
3.55 21.4 0.639
3.55 21.3 0.6418
3.55 21.2 0.6442
3.55 21.1 0.6461
3.55 21 0.6478
3.55 20.9 0.6501
3.55 20.8 0.6519
3.55 20.7 0.6534
3.55 20.6 0.6545
3.55 20.5 0.6554
3.55 20.4 0.6562
3.55 20.3 0.6568
3.55 20.2 0.6573
3.55 20.1 0.6578
3.55 20 0.6581
3.55 19.9 0.6585
3.55 19.8 0.6589
3.55 19.7 0.6592
3.55 19.6 0.6594
3.55 19.5 0.6596
3.55 19.4 0.6598
3.55 19.3 0.66
3.55 19.2 0.6601
3.55 19.1 0.6603
3.55 19 0.6604
3.55 18.9 0.6605
3.55 18.8 0.6605
3.55 18.7 0.6606
3.55 18.6 0.6607
3.55 18.5 0.6607
3.55 18.4 0.6608
3.55 18.3 0.6608
3.55 18.2 0.6609
3.55 18.1 0.6609
3.6 23 0.4095
3.6 22.9 0.4454
3.6 22.8 0.4743
3.6 22.7 0.4976
3.6 22.6 0.5164
3.6 22.5 0.5318
3.6 22.4 0.5445
3.6 22.3 0.555
3.6 22.2 0.5638
3.6 22.1 0.5713
3.6 22 0.5777
3.6 21.9 0.5884
3.6 21.8 0.5963
3.6 21.7 0.6024
3.6 21.6 0.607
3.6 21.5 0.6107
3.6 21.4 0.6137
3.6 21.3 0.6161
3.6 21.2 0.6181
3.6 21.1 0.6197
3.6 21 0.6211
3.6 20.9 0.6231
3.6 20.8 0.6246
3.6 20.7 0.6258
3.6 20.6 0.6268
3.6 20.5 0.6275
3.6 20.4 0.6282
3.6 20.3 0.6287
3.6 20.2 0.6291
3.6 20.1 0.6295
3.6 20 0.6298
3.6 19.9 0.6302
3.6 19.8 0.6305
3.6 19.7 0.6307
3.6 19.6 0.6309
3.6 19.5 0.6311
3.6 19.4 0.6313
3.6 19.3 0.6314
3.6 19.2 0.6315
3.6 19.1 0.6316
3.6 19 0.6317
3.6 18.9 0.6318
3.6 18.8 0.6319
3.6 18.7 0.6319
3.6 18.6 0.632
3.6 18.5 0.632
3.6 18.4 0.6321
3.6 18.3 0.6321
3.6 18.2 0.6322
3.6 18.1 0.6322
3.65 23 0.4058
3.65 22.9 0.4387
3.65 22.8 0.4647
3.65 22.7 0.4855
3.65 22.6 0.5022
3.65 22.5 0.5157
3.65 22.4 0.5268
3.65 22.3 0.5361
3.65 22.2 0.5437
3.65 22.1 0.5502
3.65 22 0.5557
3.65 21.9 0.5649
3.65 21.8 0.5718
3.65 21.7 0.5769
3.65 21.6 0.5809
3.65 21.5 0.5841
3.65 21.4 0.5866
3.65 21.3 0.5886
3.65 21.2 0.5903
3.65 21.1 0.5918
3.65 21 0.593
3.65 20.9 0.5946
3.65 20.8 0.5959
3.65 20.7 0.5969
3.65 20.6 0.5977
3.65 20.5 0.5984
3.65 20.4 0.5989
3.65 20.3 0.5994
3.65 20.2 0.5998
3.65 20.1 0.6001
3.65 20 0.6004
3.65 19.9 0.6007
3.65 19.8 0.6009
3.65 19.7 0.6011
3.65 19.6 0.6013
3.65 19.5 0.6015
3.65 19.4 0.6016
3.65 19.3 0.6017
3.65 19.2 0.6018
3.65 19.1 0.6019
3.65 19 0.602
3.65 18.9 0.6021
3.65 18.8 0.6021
3.65 18.7 0.6022
3.65 18.6 0.6022
3.65 18.5 0.6023
3.65 18.4 0.6023
3.65 18.3 0.6023
3.65 18.2 0.6024
3.65 18.1 0.6024
3.7 23 0.3994
3.7 22.9 0.4296
3.7 22.8 0.4533
3.7 22.7 0.4722
3.7 22.6 0.4873
3.7 22.5 0.4994
3.7 22.4 0.5094
3.7 22.3 0.5176
3.7 22.2 0.5244
3.7 22.1 0.5302
3.7 22 0.5351
3.7 21.9 0.5432
3.7 21.8 0.5492
3.7 21.7 0.5537
3.7 21.6 0.5573
3.7 21.5 0.56
3.7 21.4 0.5622
3.7 21.3 0.5641
3.7 21.2 0.5655
3.7 21.1 0.5668
3.7 21 0.5678
3.7 20.9 0.5693
3.7 20.8 0.5704
3.7 20.7 0.5713
3.7 20.6 0.572
3.7 20.5 0.5726
3.7 20.4 0.5731
3.7 20.3 0.5735
3.7 20.2 0.5738
3.7 20.1 0.5741
3.7 20 0.5743
3.7 19.9 0.5746
3.7 19.8 0.5748
3.7 19.7 0.575
3.7 19.6 0.5751
3.7 19.5 0.5753
3.7 19.4 0.5754
3.7 19.3 0.5755
3.7 19.2 0.5756
3.7 19.1 0.5757
3.7 19 0.5758
3.7 18.9 0.5758
3.7 18.8 0.5759
3.7 18.7 0.5759
3.7 18.6 0.5759
3.7 18.5 0.576
3.7 18.4 0.576
3.7 18.3 0.576
3.7 18.2 0.5761
3.7 18.1 0.5761
3.75 23 0.3854
3.75 22.9 0.4133
3.75 22.8 0.435
3.75 22.7 0.4522
3.75 22.6 0.4658
3.75 22.5 0.4768
3.75 22.4 0.4858
3.75 22.3 0.4932
3.75 22.2 0.4993
3.75 22.1 0.5045
3.75 22 0.5088
3.75 21.9 0.5161
3.75 21.8 0.5215
3.75 21.7 0.5255
3.75 21.6 0.5286
3.75 21.5 0.5311
3.75 21.4 0.5331
3.75 21.3 0.5347
3.75 21.2 0.536
3.75 21.1 0.5371
3.75 21 0.538
3.75 20.9 0.5393
3.75 20.8 0.5403
3.75 20.7 0.5411
3.75 20.6 0.5417
3.75 20.5 0.5423
3.75 20.4 0.5427
3.75 20.3 0.543
3.75 20.2 0.5433
3.75 20.1 0.5436
3.75 20 0.5438
3.75 19.9 0.544
3.75 19.8 0.5442
3.75 19.7 0.5444
3.75 19.6 0.5445
3.75 19.5 0.5446
3.75 19.4 0.5448
3.75 19.3 0.5448
3.75 19.2 0.5449
3.75 19.1 0.545
3.75 19 0.5451
3.75 18.9 0.5451
3.75 18.8 0.5452
3.75 18.7 0.5452
3.75 18.6 0.5452
3.75 18.5 0.5453
3.75 18.4 0.5453
3.75 18.3 0.5453
3.75 18.2 0.5453
3.75 18.1 0.5454
3.8 23 0.3693
3.8 22.9 0.3952
3.8 22.8 0.4154
3.8 22.7 0.4312
3.8 22.6 0.4438
3.8 22.5 0.454
3.8 22.4 0.4622
3.8 22.3 0.469
3.8 22.2 0.4746
3.8 22.1 0.4793
3.8 22 0.4833
3.8 21.9 0.49
3.8 21.8 0.4949
3.8 21.7 0.4986
3.8 21.6 0.5014
3.8 21.5 0.5037
3.8 21.4 0.5055
3.8 21.3 0.507
3.8 21.2 0.5082
3.8 21.1 0.5092
3.8 21 0.51
3.8 20.9 0.5112
3.8 20.8 0.5121
3.8 20.7 0.5128
3.8 20.6 0.5134
3.8 20.5 0.5139
3.8 20.4 0.5142
3.8 20.3 0.5146
3.8 20.2 0.5148
3.8 20.1 0.5151
3.8 20 0.5153
3.8 19.9 0.5155
3.8 19.8 0.5156
3.8 19.7 0.5158
3.8 19.6 0.5159
3.8 19.5 0.516
3.8 19.4 0.5161
3.8 19.3 0.5162
3.8 19.2 0.5163
3.8 19.1 0.5164
3.8 19 0.5164
3.8 18.9 0.5165
3.8 18.8 0.5165
3.8 18.7 0.5165
3.8 18.6 0.5166
3.8 18.5 0.5166
3.8 18.4 0.5166
3.8 18.3 0.5166
3.8 18.2 0.5167
3.8 18.1 0.5167
3.85 23 0.3498
3.85 22.9 0.373
3.85 22.8 0.3912
3.85 22.7 0.4055
3.85 22.6 0.4168
3.85 22.5 0.4258
3.85 22.4 0.4332
3.85 22.3 0.4392
3.85 22.2 0.4443
3.85 22.1 0.4485
3.85 22 0.452
3.85 21.9 0.4579
3.85 21.8 0.4623
3.85 21.7 0.4656
3.85 21.6 0.4681
3.85 21.5 0.4701
3.85 21.4 0.4717
3.85 21.3 0.473
3.85 21.2 0.4741
3.85 21.1 0.4749
3.85 21 0.4757
3.85 20.9 0.4767
3.85 20.8 0.4775
3.85 20.7 0.4782
3.85 20.6 0.4787
3.85 20.5 0.4791
3.85 20.4 0.4794
3.85 20.3 0.4797
3.85 20.2 0.48
3.85 20.1 0.4802
3.85 20 0.4804
3.85 19.9 0.4805
3.85 19.8 0.4807
3.85 19.7 0.4808
3.85 19.6 0.4809
3.85 19.5 0.481
3.85 19.4 0.4811
3.85 19.3 0.4812
3.85 19.2 0.4813
3.85 19.1 0.4813
3.85 19 0.4814
3.85 18.9 0.4814
3.85 18.8 0.4814
3.85 18.7 0.4815
3.85 18.6 0.4815
3.85 18.5 0.4815
3.85 18.4 0.4815
3.85 18.3 0.4816
3.85 18.2 0.4816
3.85 18.1 0.4816
3.9 23 0.3252
3.9 22.9 0.3465
3.9 22.8 0.363
3.9 22.7 0.3759
3.9 22.6 0.3861
3.9 22.5 0.3943
3.9 22.4 0.401
3.9 22.3 0.4065
3.9 22.2 0.411
3.9 22.1 0.4148
3.9 22 0.4181
3.9 21.9 0.4234
3.9 21.8 0.4274
3.9 21.7 0.4303
3.9 21.6 0.4326
3.9 21.5 0.4344
3.9 21.4 0.4359
3.9 21.3 0.4371
3.9 21.2 0.438
3.9 21.1 0.4388
3.9 21 0.4395
3.9 20.9 0.4405
3.9 20.8 0.4412
3.9 20.7 0.4418
3.9 20.6 0.4422
3.9 20.5 0.4426
3.9 20.4 0.4429
3.9 20.3 0.4432
3.9 20.2 0.4434
3.9 20.1 0.4436
3.9 20 0.4437
3.9 19.9 0.4439
3.9 19.8 0.444
3.9 19.7 0.4442
3.9 19.6 0.4443
3.9 19.5 0.4443
3.9 19.4 0.4444
3.9 19.3 0.4445
3.9 19.2 0.4445
3.9 19.1 0.4446
3.9 19 0.4446
3.9 18.9 0.4447
3.9 18.8 0.4447
3.9 18.7 0.4447
3.9 18.6 0.4448
3.9 18.5 0.4448
3.9 18.4 0.4448
3.9 18.3 0.4448
3.9 18.2 0.4449
3.9 18.1 0.4449
3.95 23 0.2973
3.95 22.9 0.3165
3.95 22.8 0.3314
3.95 22.7 0.3431
3.95 22.6 0.3524
3.95 22.5 0.3599
3.95 22.4 0.3659
3.95 22.3 0.3709
3.95 22.2 0.375
3.95 22.1 0.3785
3.95 22 0.3815
3.95 21.9 0.3864
3.95 21.8 0.39
3.95 21.7 0.3927
3.95 21.6 0.3948
3.95 21.5 0.3965
3.95 21.4 0.3978
3.95 21.3 0.3989
3.95 21.2 0.3998
3.95 21.1 0.4005
3.95 21 0.4011
3.95 20.9 0.402
3.95 20.8 0.4027
3.95 20.7 0.4032
3.95 20.6 0.4036
3.95 20.5 0.4039
3.95 20.4 0.4042
3.95 20.3 0.4045
3.95 20.2 0.4047
3.95 20.1 0.4048
3.95 20 0.405
3.95 19.9 0.4051
3.95 19.8 0.4053
3.95 19.7 0.4054
3.95 19.6 0.4055
3.95 19.5 0.4055
3.95 19.4 0.4056
3.95 19.3 0.4057
3.95 19.2 0.4057
3.95 19.1 0.4058
3.95 19 0.4058
3.95 18.9 0.4058
3.95 18.8 0.4059
3.95 18.7 0.4059
3.95 18.6 0.4059
3.95 18.5 0.4059
3.95 18.4 0.406
3.95 18.3 0.406
3.95 18.2 0.406
3.95 18.1 0.406
4 23 0.2659
4 22.9 0.2829
4 22.8 0.2961
4 22.7 0.3065
4 22.6 0.3147
4 22.5 0.3213
4 22.4 0.3267
4 22.3 0.3311
4 22.2 0.3348
4 22.1 0.3379
4 22 0.3405
4 21.9 0.3449
4 21.8 0.3481
4 21.7 0.3505
4 21.6 0.3524
4 21.5 0.3539
4 21.4 0.3551
4 21.3 0.356
4 21.2 0.3568
4 21.1 0.3575
4 21 0.358
4 20.9 0.3588
4 20.8 0.3594
4 20.7 0.3599
4 20.6 0.3603
4 20.5 0.3606
4 20.4 0.3608
4 20.3 0.361
4 20.2 0.3612
4 20.1 0.3614
4 20 0.3615
4 19.9 0.3616
4 19.8 0.3617
4 19.7 0.3618
4 19.6 0.3619
4 19.5 0.362
4 19.4 0.3621
4 19.3 0.3621
4 19.2 0.3622
4 19.1 0.3622
4 19 0.3622
4 18.9 0.3623
4 18.8 0.3623
4 18.7 0.3623
4 18.6 0.3623
4 18.5 0.3624
4 18.4 0.3624
4 18.3 0.3624
4 18.2 0.3624
4 18.1 0.3624
